0	0	1,2	3	4	5	6,7	8	
1	0	1,2	3	4	5	6,7	8	
2	0	1,2	3	4	5	6,7	8	
3	0	3	4	5	6,7	8	1	2	
4	0	3	4	5	6,7	8	1	2	
5	0	3	4	5	6,7	8	1	2	
6	0	3	4	5	6,7	8	1	2	
7	0	3	4	5	6,7	8	1	2			
8	4	6,7	8	0,1	2,3,5	
9	4	6,7	8	0,1	2,3,5	
10	4	6,7	8	0,1	2,3,5	
11	4	6,7	8	0,1	2,3,5	
12	4	6,7	8	0,1	2,3,5		9	
13	6,7	8	0,1	2,3,4,5	9	
14	6,7	8	0,1	2,3,4,5	9	
15	6,7	8	0,1	2,3,4,5	9		
16	8	0,1	2,3,4,5	6,7,9	
17	8	0,1	2,3,4,5	6,7,9		
18	8	0,1	2,3,4,5	6,7	
19	8	0,1	2,3,4,5	6,7		
20	8	0,1	2,3,4,5,6,7	
21	8	0,1	2,3,4,5,6,7	
22	8	0,1	2,3,4,5,6,7					
23	8	0	1,5,6,7	2,3	4	
24	8	0	1,5,6,7	2,3	4	
25	8	0	1,5,6,7	2,3	4	
26	8	0	1,5,6,7	2,3	4	
27	8	0	1,5,6,7	2,3	4	
28	8	0	1,5,6,7	2,3	4	
29	8	0	1,5,6,7	2,3	4	
30	8	0	1,5,6,7	2,3	4	
31	8	0	1,5,6,7	2,3	4	
32	8	0	1,5,6,7	2,3	4	
33	8	0	1,5,6,7	2,3	4				
34	8	0,4	1,3,6,7	2,5	
35	8	0,4	1,3,6,7	2,5		
36	8	1,3,6,7	2,5	0	
37	8	1,3,6,7	2,5	0	
38	8	1,3,6,7	2,5	0			
39	8	2,5	0	1,3	6,7	
40	8	2,5	0	1,3	6,7		
41	8	1,3	6,7	0,2,5	
42	8	1,3	6,7	0,2,5	
43	8	1,3	6,7	0,2,5	
44	8	1,3	6,7	0,2,5	
45	8	1,3	6,7	0,2,5	
46	8	1,3	6,7	0,2,5		
47	8	1,3	0,2,5,6,7	
48	8	1,3	0,2,5,6,7	
49	8	1,3	0,2,5,6,7	
50	8	1,3	0,2,5,6,7	
51	8	1,3	0,2,5,6,7			
52	8	1,3	0	2,5,6,7		
53	8	0	1,2,3,5,6,7	
54	8	0	1,2,3,5,6,7	
55	8	0	1,2,3,5,6,7	
56	8	0	1,2,3,5,6,7	
57	8	0	1,2,3,5,6,7	
58	8	0	1,2,3,5,6,7			
59	8	0	1,2,3,6,7	5	
60	8	0	1,2,3,6,7	5	
61	8	0	1,2,3,6,7	5	
62	8	0	1,2,3,6,7	5	
63	8	0	1,2,3,6,7	5	
64	8	0	1,2,3,6,7	5	
65	8	0	1,2,3,6,7	5			
66	8	0	5	1,2,3,7	6	
67	8	0	5	1,2,3,7	6	
68	8	0	5	1,2,3,7	6		
69	8	0	1,2,3,7	5,6	
70	8	0	1,2,3,7	5,6	
71	8	0	1,2,3,7	5,6	
72	8	0	1,2,3,7	5,6		10	
73	8	0	1,2,3,5,6,7	10	
74	8	0	1,2,3,5,6,7	10	
75	8	0	1,2,3,5,6,7	10		
76	8	10	0,1,2,3,5,6,7	
77	8	10	0,1,2,3,5,6,7	
78	8	10	0,1,2,3,5,6,7				
79	8	10	0	1,3,6,7	2,5	
80	8	10	0	1,3,6,7	2,5	
81	8	10	0	1,3,6,7	2,5		
82	8	1,3,6,7	2,5	0,10	
83	8	1,3,6,7	2,5	0,10	
84	8	1,3,6,7	2,5	0,10	
85	8	1,3,6,7	2,5	0,10			11	12	
86	8	1,3,6,7	2,5	0	10	11	12	
87	8	1,3,6,7	2,5	0	10	11	12		
88	8	2,5	0	11	12	1,3,6,7,10	
89	8	2,5	0	11	12	1,3,6,7,10	
90	8	2,5	0	11	12	1,3,6,7,10			
91	8	1,3,6,7,10	0,12	2,5,11	
92	8	1,3,6,7,10	0,12	2,5,11	
93	8	1,3,6,7,10	0,12	2,5,11	
94	8	1,3,6,7,10	0,12	2,5,11	
95	8	1,3,6,7,10	0,12	2,5,11		
96	8	2,5,11	0,1,3,6,7,10,12	
97	8	2,5,11	0,1,3,6,7,10,12	
98	8	2,5,11	0,1,3,6,7,10,12	
99	8	2,5,11	0,1,3,6,7,10,12	
100	8	2,5,11	0,1,3,6,7,10,12	
101	8	2,5,11	0,1,3,6,7,10,12	
102	8	2,5,11	0,1,3,6,7,10,12			
103	8	2,5,11	0,1,3,7,10	6,12	
104	8	2,5,11	0,1,3,7,10	6,12	
105	8	2,5,11	0,1,3,7,10	6,12						
106	8	6,12	0	1,3,7,10	2	5	11	
107	8	6,12	0	1,3,7,10	2	5	11	
108	8	6,12	0	1,3,7,10	2	5	11	
109	8	6,12	0	1,3,7,10	2	5	11				
110	11	0,5	1,2,3,7,10	6,8,12	
111	11	0,5	1,2,3,7,10	6,8,12	
112	11	0,5	1,2,3,7,10	6,8,12	
113	11	0,5	1,2,3,7,10	6,8,12	
114	11	0,5	1,2,3,7,10	6,8,12	
115	11	0,5	1,2,3,7,10	6,8,12	
116	11	0,5	1,2,3,7,10	6,8,12	
117	11	0,5	1,2,3,7,10	6,8,12	
118	11	0,5	1,2,3,7,10	6,8,12	
119	11	0,5	1,2,3,7,10	6,8,12			
120	11	1,2,3,7,10	6,8,12	0	5	
121	11	1,2,3,7,10	6,8,12	0	5	
122	11	1,2,3,7,10	6,8,12	0	5	
123	11	1,2,3,7,10	6,8,12	0	5	
124	11	1,2,3,7,10	6,8,12	0	5		
125	11	6,8,12	0	1,2,3,5,7,10	
126	11	6,8,12	0	1,2,3,5,7,10	
127	11	6,8,12	0	1,2,3,5,7,10	
128	11	6,8,12	0	1,2,3,5,7,10			
129	11	6,8,12	0	1,2,3,5,7	10	
130	11	6,8,12	0	1,2,3,5,7	10	
131	11	6,8,12	0	1,2,3,5,7	10		
132	11	0	1,2,3,5,7	6,8,10,12	
133	11	0	1,2,3,5,7	6,8,10,12	
134	11	0	1,2,3,5,7	6,8,10,12			
135	11	0	6,8,10,12	1,5,7	2,3	
136	11	0	6,8,10,12	1,5,7	2,3	
137	11	0	6,8,10,12	1,5,7	2,3	
138	11	0	6,8,10,12	1,5,7	2,3		
139	11	0	1,5,7	2,3,6,8,10,12	
140	11	0	1,5,7	2,3,6,8,10,12	
141	11	0	1,5,7	2,3,6,8,10,12	
142	11	0	1,5,7	2,3,6,8,10,12	
143	11	0	1,5,7	2,3,6,8,10,12			
144	11	0	2,3,6,8,10,12	1,7	5	
145	11	0	2,3,6,8,10,12	1,7	5	
146	11	0	2,3,6,8,10,12	1,7	5		
147	11	0	5	1,2,3,6,7,8,10,12	
148	11	0	5	1,2,3,6,7,8,10,12	
149	11	0	5	1,2,3,6,7,8,10,12	
150	11	0	5	1,2,3,6,7,8,10,12	
151	11	0	5	1,2,3,6,7,8,10,12		
152	11	0	1,2,3,5,6,7,8,10,12	
153	11	0	1,2,3,5,6,7,8,10,12		
154	11	0	1,2,3,5,6,7,10			
155	11	0	1,2,3,6,7,10	5	
156	11	0	1,2,3,6,7,10	5	
157	11	0	1,2,3,6,7,10	5		
158	0	1,2,3,6,7,10	5,11	
159	0	1,2,3,6,7,10	5,11	
160	0	1,2,3,6,7,10	5,11		
161	0	1,2,3,6,7,10	5	
162	0	1,2,3,6,7,10	5	
163	0	1,2,3,6,7,10	5		13	
164	0	1,2,3,5,6,7,10	13	
165	0	1,2,3,5,6,7,10	13	
166	0	1,2,3,5,6,7,10	13	
167	0	1,2,3,5,6,7,10	13	
168	0	1,2,3,5,6,7,10	13	
169	0	1,2,3,5,6,7,10	13	
170	0	1,2,3,5,6,7,10	13				
171	0,13	1,2,3,5,6,7	10	
172	0,13	1,2,3,5,6,7	10	
173	0,13	1,2,3,5,6,7	10	
174	0,13	1,2,3,5,6,7	10					
175	10	0	1,2,3,6,7	5	13	
176	10	0	1,2,3,6,7	5	13	
177	10	0	1,2,3,6,7	5	13	
178	10	0	1,2,3,6,7	5	13		
179	10	1,2,3,6,7	13	0,5	
180	10	1,2,3,6,7	13	0,5	
181	10	1,2,3,6,7	13	0,5	
182	10	1,2,3,6,7	13	0,5	
183	10	1,2,3,6,7	13	0,5	
184	10	1,2,3,6,7	13	0,5	
185	10	1,2,3,6,7	13	0,5		
186	10	1,2,3,6,7	0,5,13	
187	10	1,2,3,6,7	0,5,13	
188	10	1,2,3,6,7	0,5,13	
189	10	1,2,3,6,7	0,5,13	
190	10	1,2,3,6,7	0,5,13		
191	1,2,3,6,7	0,5,10,13	
192	1,2,3,6,7	0,5,10,13	
193	1,2,3,6,7	0,5,10,13		
194	1,2,3,6,7	5,10	
195	1,2,3,6,7	5,10	
196	1,2,3,6,7	5,10	
197	1,2,3,6,7	5,10		
198	1,2,3,5,6,7,10	
199	1,2,3,5,6,7,10